20 23 0.5
25 34 0.7
45 67 0.05
78 56 0.97
34 12 0.1
92 73 -0.5
81 57 0.65
28 38 0.78
15 10 0.2
20 10 0.2
20 15 0.25
25 12 0.27
25 10 0.3
27 25 0.33
29 12 -0.5
35 -4 0.78
40 43 0.75
42 57 0.68
45 58 0.65
48 60 0.34
-3 45 0.36
18 95 0.93
21 99 0.99
25 33 1.0
27 25 -0.05
0 11 0.26
5 27 0.36
10 48 0.76
15 20 0.47
20 38 0.46
2 5 0.0
10 5 0.1
15 10 0.2
42 57 0.68
45 58 0.65
48 60 0.34
-3 45 0.36
-15 36 0.84
48 60 0.34
35 35 0.43
36 38 0.45
38 39 0.5
40 42 0.55
45 67 0.05
78 56 0.97
34 12 0.1
92 73 -0.5
49 66 0.34
28 67 0.8
88 90 0.52
